2023-06-07T00:00:00+02:00;0.0;17.4;0.0;0.0;0.0;338.138498951795;-13.481504502606839;17.4
2023-06-07T01:00:00+02:00;0.0;15.8;0.0;0.0;0.0;352.22110740941787;-15.889604077490361;15.8
2023-06-07T02:00:00+02:00;0.0;16.0;0.0;0.0;0.0;6.606051786301542;-15.981974188997526;16.0
2023-06-07T03:00:00+02:00;0.0;16.3;0.0;0.0;0.0;20.73026106528531;-13.749380498416514;16.3
2023-06-07T04:00:00+02:00;0.0;15.8;0.0;0.0;0.0;34.13593217516819;-9.402552198283942;15.8
2023-06-07T05:00:00+02:00;0.0;15.0;0.0;0.0;0.0;46.625966652855645;-3.2951135843766934;15.0
2023-06-07T06:00:00+02:00;0.0;14.7;0.0;6.0;6.0;58.272338885481766;4.174010229047624;14.7
2023-06-07T07:00:00+02:00;339.16856647470325;15.0;37.6;49.0;61.0;69.34803893751669;12.624002703805786;15.0
2023-06-07T08:00:00+02:00;1061.3348485342399;15.4;127.9;106.0;153.0;80.27482285926011;21.70895484007687;15.4
2023-06-07T09:00:00+02:00;1317.3378858611509;15.9;113.3;143.0;173.0;91.63432895464813;31.09764287352919;15.9
2023-06-07T10:00:00+02:00;1786.877646470509;16.8;120.4;209.0;310.0;104.26302620527078;40.420006879476695;16.8
2023-06-07T11:00:00+02:00;2015.2434163939379;16.5;120.3;239.0;277.0;119.43730411005393;49.16303902384783;16.5
2023-06-07T12:00:00+02:00;1352.2201871270797;16.3;30.2;250.0;263.0;138.9941517122742;56.48013003053489;16.3
2023-06-07T13:00:00+02:00;850.297407109155;16.1;11.8;170.0;189.0;164.3904965774321;60.98576317062002;16.1
2023-06-07T14:00:00+02:00;2030.6448194607913;17.4;86.0;303.0;445.0;193.2176600689888;61.18888028534825;17.4
2023-06-07T15:00:00+02:00;3185.764786503499;18.8;234.0;339.0;580.0;219.09130682010957;57.00574452589628;18.8
2023-06-07T16:00:00+02:00;2252.69147213317;19.2;189.1;244.0;309.0;239.11971383891932;49.87100250521133;19.2
2023-06-07T17:00:00+02:00;1112.729171230506;20.0;46.9;203.0;226.0;254.5942113694648;41.21452211812642;20.0
2023-06-07T18:00:00+02:00;824.6069131436656;19.9;51.4;186.0;230.0;267.38603649120023;31.92359347640845;19.9
2023-06-07T19:00:00+02:00;645.3826704282712;20.3;68.6;145.0;171.0;278.81930898366636;22.53123186568314;20.3
2023-06-07T20:00:00+02:00;318.096741884173;20.2;41.9;71.0;79.0;289.75977585410965;13.414947785990066;20.2
2023-06-07T21:00:00+02:00;203.66733510845353;19.3;15.7;46.0;47.0;300.80546852477664;4.906831624272527;19.3
2023-06-07T22:00:00+02:00;26.376367864368408;18.2;0.4;6.0;6.0;312.389510967971;-2.6497091009109823;18.2
2023-06-07T23:00:00+02:00;0.0;17.7;0.0;0.0;0.0;324.797741567867;-8.877107645211211;17.7
2023-06-08T00:00:00+02:00;0.0;17.2;0.0;0.0;0.0;338.12094224193623;-13.376990905120635;17.2
2023-06-08T01:00:00+02:00;0.0;16.8;0.0;0.0;0.0;352.18577820076115;-15.789555345267658;16.8
2023-06-08T02:00:00+02:00;0.0;16.5;0.0;0.0;0.0;6.553517373209022;-15.889435112188096;16.5
2023-06-08T03:00:00+02:00;0.0;16.3;0.0;0.0;0.0;20.663343182633735;-13.66668030076059;16.3
2023-06-08T04:00:00+02:00;0.0;15.4;0.0;0.0;0.0;34.05841201636398;-9.330674663421249;15.4
2023-06-08T05:00:00+02:00;0.0;14.7;0.0;0.0;0.0;46.54102274221763;-3.2336693354945965;14.7
2023-06-08T06:00:00+02:00;0.0;14.0;0.0;7.0;8.0;58.18169724589572;4.226418989928831;14.0
2023-06-08T07:00:00+02:00;612.6061846990219;14.4;124.7;47.0;81.0;69.25185315484678;12.669406150980564;14.4
2023-06-08T08:00:00+02:00;1894.2235041064414;15.8;337.3;79.0;209.0;80.1718540554851;21.749841385926615;15.8
2023-06-08T09:00:00+02:00;3492.357302162502;17.7;519.8;101.0;364.0;91.52216658963174;31.13703839780853;17.7
2023-06-08T10:00:00+02:00;4887.959927648656;19.5;636.1;120.0;514.0;104.13853906440673;40.461811689524524;19.5
2023-06-08T11:00:00+02:00;5850.090002150634;21.3;696.8;136.0;644.0;119.29855569092884;49.212559704554316;21.3
2023-06-08T12:00:00+02:00;6630.118265370013;22.6;768.1;130.0;766.0;138.84769745454741;56.54414341623484;22.6
2023-06-08T13:00:00+02:00;6442.6058987916485;23.8;695.4;217.0;722.0;164.26657713940395;61.06928839720888;23.8
2023-06-08T14:00:00+02:00;5568.882397650013;25.1;602.3;220.0;780.0;193.15804050760426;61.28741222246518;25.1
2023-06-08T15:00:00+02:00;5501.334677542748;25.9;660.3;211.0;786.0;219.091933985724;57.10813340987311;25.9
2023-06-08T16:00:00+02:00;4566.430558500412;26.0;600.2;228.0;641.0;239.14851755066988;49.97146092566547;26.0
2023-06-08T17:00:00+02:00;2898.103571503478;22.0;423.4;193.0;431.0;254.63078910422595;41.31266569647936;22.0
2023-06-08T18:00:00+02:00;1022.0273449152016;23.9;254.1;218.0;337.0;267.42186988084865;32.020632364973864;23.9
2023-06-08T19:00:00+02:00;628.0582199027054;22.0;272.8;128.0;283.0;278.8509382945476;22.62839257515516;22.0
2023-06-08T20:00:00+02:00;452.554156974876;20.9;217.7;93.0;120.0;289.78530619244805;13.513077042241576;20.9
2023-06-08T21:00:00+02:00;255.7693899074047;19.9;119.8;53.0;79.0;300.82314144501623;5.006273295234394;19.9
2023-06-08T22:00:00+02:00;42.60372068432473;18.4;46.4;8.0;9.0;312.3971483803578;-2.549243089126435;18.4
2023-06-08T23:00:00+02:00;0.0;17.5;0.0;0.0;0.0;324.7927067538401;-8.776708350597076;17.5
2023-06-09T00:00:00+02:00;0.0;16.8;0.0;0.0;0.0;338.10066193541826;-13.278661653871296;16.8
2023-06-09T01:00:00+02:00;0.0;16.7;0.0;0.0;0.0;352.14880379347335;-15.696040203214764;16.7
2023-06-09T02:00:00+02:00;0.0;15.7;0.0;0.0;0.0;6.500531990110886;-15.803603445707196;15.7
2023-06-09T03:00:00+02:00;0.0;15.7;0.0;0.0;0.0;20.597124101422793;-13.5906704366773;15.7
2023-06-09T04:00:00+02:00;0.0;15.4;0.0;0.0;0.0;33.98257019177407;-9.265320537066216;15.4
2023-06-09T05:00:00+02:00;0.0;14.9;0.0;0.0;0.0;46.458530682577056;-3.1785015899429254;14.9
2023-06-09T06:00:00+02:00;0.0;14.7;0.0;7.0;8.0;58.09411070870922;4.272810354572087;14.7
2023-06-09T07:00:00+02:00;624.4883900742855;15.3;130.4;46.0;82.0;69.15921711633432;12.709010677891342;15.3
2023-06-09T08:00:00+02:00;1929.5696295086075;17.8;350.0;77.0;211.0;80.07287430049577;21.785066280089595;17.8
2023-06-09T09:00:00+02:00;3511.00196616439;19.6;529.5;98.0;365.0;91.41439651720992;31.17079164783982;19.6
2023-06-09T10:00:00+02:00;4913.623259942288;21.3;650.5;111.0;519.0;104.01874877365326;40.49783679323982;21.3
2023-06-09T11:00:00+02:00;5997.860526831219;23.1;733.0;119.0;660.0;119.16443098353726;49.255975338156766;23.1
2023-06-09T12:00:00+02:00;6742.849550623734;24.9;796.2;122.0;770.0;138.70464313145965;56.60158762407223;24.9
2023-06-09T13:00:00+02:00;6649.7499162547165;26.4;750.9;180.0;767.0;164.14262270328666;61.145959143994105;26.4
2023-06-09T14:00:00+02:00;5861.178985751285;27.7;669.3;185.0;770.0;193.09390974737795;61.37946725315011;27.7
2023-06-09T15:00:00+02:00;5346.731308352269;28.2;660.9;180.0;746.0;219.08566313066257;57.204903224993465;28.2
2023-06-09T16:00:00+02:00;4675.604580735663;28.6;649.4;193.0;702.0;239.17013797821286;50.06705637196324;28.6
2023-06-09T17:00:00+02:00;3360.746124830919;28.2;559.3;168.0;522.0;254.66065909639568;41.406391069921945;28.2
2023-06-09T18:00:00+02:00;780.4459706583277;27.3;533.9;136.0;483.0;267.4515809174128;32.11341653377548;27.3
2023-06-09T19:00:00+02:00;692.3786367008088;27.0;551.7;129.0;362.0;278.87696956570744;22.721246082934854;27.0
2023-06-09T20:00:00+02:00;489.297519113762;25.2;460.8;89.0;219.0;289.8056981951104;13.606681133268978;25.2
2023-06-09T21:00:00+02:00;287.38793431339207;24.4;414.8;48.0;84.0;300.83612252716097;5.100844139260161;24.4
2023-06-09T22:00:00+02:00;48.79092362927682;22.1;61.1;9.0;11.0;312.40060284731464;-2.4540841114488643;22.1
2023-06-09T23:00:00+02:00;0.0;20.7;0.0;0.0;0.0;324.78414550063104;-8.682093401908176;20.7
2023-06-10T00:00:00+02:00;0.0;19.7;0.0;0.0;0.0;338.0777256549945;-13.186565485775134;19.7
2023-06-10T01:00:00+02:00;0.0;19.2;0.0;0.0;0.0;352.11025692418343;-15.609095987690523;19.2
2023-06-10T02:00:00+02:00;0.0;18.8;0.0;0.0;0.0;6.447170658162497;-15.72450425921545;18.8
2023-06-10T03:00:00+02:00;0.0;18.4;0.0;0.0;0.0;20.53167969149141;-13.521363784767956;18.4
2023-06-10T04:00:00+02:00;0.0;18.0;0.0;0.0;0.0;33.908483438616436;-9.206491093195282;18.0
2023-06-10T05:00:00+02:00;0.0;17.4;0.0;0.0;0.0;46.37856894956109;-3.1296008446599615;17.4
2023-06-10T06:00:00+02:00;0.0;17.1;0.0;7.0;9.0;58.00966096183578;4.313203599225716;17.1
2023-06-10T07:00:00+02:00;710.3809788269155;17.6;159.2;46.0;85.0;69.07021804839204;12.742844136336316;17.6
2023-06-10T08:00:00+02:00;1996.8895039989384;19.6;368.0;77.0;216.0;79.97798016662135;21.814664482915717;19.6
2023-06-10T09:00:00+02:00;3542.8009407397017;22.2;541.3;98.0;368.0;91.31113103211025;31.198942678652514;22.2
2023-06-10T10:00:00+02:00;4901.514245725653;23.8;655.2;112.0;522.0;103.90379409789693;40.52812402350366;23.8
2023-06-10T11:00:00+02:00;5958.061476013781;25.4;734.8;119.0;660.0;119.03511164360349;49.293323058740874;25.4
2023-06-10T12:00:00+02:00;6635.596357052276;27.1;789.4;121.0;768.0;138.56522502997586;56.65248228969696;27.1
2023-06-10T13:00:00+02:00;6920.9751278697995;28.5;822.0;128.0;836.0;164.01887851038765;61.21576081946053;28.5
2023-06-10T14:00:00+02:00;6463.805667020094;29.2;786.3;136.0;787.0;193.0254138168092;61.464998038376436;29.2
2023-06-10T15:00:00+02:00;5574.903638718251;29.6;699.5;182.0;752.0;219.07254508210085;57.29599350725193;29.6
2023-06-10T16:00:00+02:00;4549.138057078997;29.0;625.4;196.0;677.0;239.18459394430627;50.15772448742871;29.0
2023-06-10T17:00:00+02:00;3585.5279552194825;28.5;589.2;190.0;615.0;254.6838362604265;41.49563138617625;28.5
2023-06-10T18:00:00+02:00;846.2237723739465;28.9;622.3;145.0;531.0;267.4751884970107;32.201877079458704;28.9
2023-06-10T19:00:00+02:00;646.4858524957428;27.9;592.6;116.0;360.0;278.8974281696382;22.809722304550675;27.9
2023-06-10T20:00:00+02:00;494.8395385122387;26.8;494.4;89.0;233.0;289.8209850776943;13.695690163586931;26.8
2023-06-10T21:00:00+02:00;285.994220458113;25.2;423.1;47.0;109.0;300.8444539388275;5.190476314724407;25.2
2023-06-10T22:00:00+02:00;55.1217672663913;23.6;125.8;8.0;18.0;312.3999261894925;-2.3642956018652797;23.6
2023-06-10T23:00:00+02:00;0.0;22.0;0.0;0.0;0.0;324.7721190296984;-8.59331913831538;22.0
